17
0  1  0  1667864 2 5 47 7 48
1  0  0  194178 2 3  432 15 136
2  0  0  193830 3 2  432 6 179 8 172
3  0  0  135000 4 7  120 11 180 16 151 17 90
4  0  0  130000 3 1  47 7 28 17 4
5  0  0  95000  1 3  179
6  0  0  90000  5 1  48 4 120 5 28 10 214 16 115
7  0  0  90000  3 3  172 12 83 14 138
8  0  0  90000  2 11 200 16 345
9  0  0  85000 3 7  214 13 94 16 180
10 0  1  65000 3 4  180 9 200 14 232
11 0  0  63000 2 8  83 15 90
12 0  0  61449 2 10 94 16 233
13 0  0  60000 2 8  138 11 232
14 0  0  58000 2 2  136 12 90
15 0  0  55000 5 4  151 7 115 9 345 10 180 13 233
16 0  0  49821 2 4  90 5 4