34
0   1 0 1  1667864 2 5 47 7 48
1   0 0 1  194178 3 3 432 15 136 21 80
2   0 0 1  193830 3 2 432 6 179 8 172
3   0 0 1  135000 5 7 120 11 180 16 151 17 90 32 218
4   0 0 1  130000 3 1 47 7 28 17 4
5   0 0 1  95000 1 3 179
6   0 0 1  90000 5 1 48 4 120 5 28 10 214 16 115
7   0 0 1  90000 3 3 172 12 83 14 138
8   0 0 1  90000 2 11 200 16 345
9   0 0 1  85000 3 7 214 13 94 16 180
10  0 0 1  65000 3 4 180 9 200 14 232
11  0 0 1  63000 4 8 83 15 90 27 56 31 216
12  0 0 1  61449 2 10 94 16 233
13  0 0 1  60000 2 8 138 11 232
14  0 0 1  58000 2 2 136 12 90
15  0 0 1  55000 5 4 151 7 115 9 345 10 180 13 233
16  0 0 1  49821 3 4 90 5 4 34 139 
17  0 0 2  1021762 3 22 71 24 56 30 287 
18  0 0 2  56986 4 20 175 21 68 22 126 27 259
19  0 0 2  50245 3 19 175 21 207 24 87
20  0 0 2  42077 4 19 68 20 207 23 215 2 80
21  0 0 2  34608 3 18 71 19 126 24 55
22  0 0 2  25349 2 21 215 26 263
23  0 0 2  25309 3 18 56 20 87 22 55
24  0 0 2  23517 1 26 27
25  0 0 2  23464 2 23 263 25 27
26  0 0 2  20569 5 19 259 30 162 31 198 12 56 15 104
27  0 0 3  772873 1 33 31 
28  0 0 3  149957 4 30 69 32 133 33 210 34 210
29  0 0 3  128402 4 29 69 31 117 18 287 27 162
30  0 0 3  82899 4 30 117 32 159 12 216 27 198
31  0 0 3  80840 4 29 133 31 159 34 99 4 218
32  0 0 3  34079 3 28 31 29 210 34 90
33  0 0 3  21961 4 29 210 32 99 33 90 17 139